image: basement_2020_edited2.pgm
resolution: 0.050000
origin: [-34.2, -40.42, 0.000000]
negate: 0
occupied_thresh: 0.65
free_thresh: 0.196

